'TRANSPORT PROPERTIES'
.true. 3d-1			! flag for homogeneous property,	porosity (phi)
'*'
'----------------------------------------------------------------------------'
'MIXING RATIOS'                 ! number of mixing ratios, mixing ratios at each target (including sink/sources and boundary terms)
     11    1.00000E+00    0.00000E+00    0.00000E+00    0.00000E+00    0.00000E+00    0.00000E+00    0.00000E+00    0.00000E+00    0.00000E+00    0.00000E+00    0.00000E+00
     11    8.57163E-01    8.83449E-02    5.12350E-02    3.06246E-03    1.83052E-04    1.09415E-05    6.54007E-07    3.90918E-08    2.33663E-09    1.39710E-10    8.83212E-12
     11    8.61689E-01    7.80483E-03    7.57260E-02    5.15056E-02    3.07864E-03    1.84019E-04    1.09993E-05    6.57460E-07    3.92983E-08    2.34969E-09    1.48542E-10
     11    8.61713E-01    6.89517E-04    6.69001E-03    7.61259E-02    5.15070E-02    3.07872E-03    1.84024E-04    1.09996E-05    6.57480E-07    3.93114E-08    2.48517E-09
     11    8.61713E-01    6.09153E-05    5.91028E-04    6.72533E-03    7.61280E-02    5.15070E-02    3.07872E-03    1.84024E-04    1.09996E-05    6.57680E-07    4.15770E-08
     11    8.61713E-01    5.38156E-06    5.22143E-05    5.94149E-04    6.72552E-03    7.61280E-02    5.15070E-02    3.07872E-03    1.84024E-04    1.10030E-05    6.95584E-07
     11    8.61713E-01    4.75433E-07    4.61287E-06    5.24901E-05    5.94166E-04    6.72552E-03    7.61280E-02    5.15070E-02    3.07873E-03    1.84080E-04    1.16371E-05
     11    8.61713E-01    4.20021E-08    4.07524E-07    4.63723E-06    5.24915E-05    5.94166E-04    6.72552E-03    7.61280E-02    5.15071E-02    3.07966E-03    1.94689E-04
     11    8.61715E-01    3.71068E-09    3.60027E-08    4.09676E-07    4.63737E-06    5.24916E-05    5.94167E-04    6.72553E-03    7.61281E-02    5.15228E-02    3.25715E-03
     11    8.61977E-01    3.27919E-10    3.18162E-09    3.62038E-08    4.09812E-07    4.63878E-06    5.25076E-05    5.94347E-04    6.72758E-03    7.61513E-02    5.44922E-02
     11    9.11655E-01    3.06396E-11    2.97280E-10    3.38276E-09    3.82914E-08    4.33431E-07    4.90612E-06    5.55337E-05    6.28601E-04    7.11531E-03    8.05401E-02
0				! indica el final de la lectura de proporciones de mezcla
'*'
'----------------------------------------------------------------------------'
'MIXING WATERS'			! water indices in 'MIXING RATIOS'
      1    2    3    4    5    6    7    8    9   10   11
      2    1    3    4    5    6    7    8    9   10   11
      3    1    2    4    5    6    7    8    9   10   11
      4    1    2    3    5    6    7    8    9   10   11
      5    1    2    3    4    6    7    8    9   10   11
      6    1    2    3    4    5    7    8    9   10   11
      7    1    2    3    4    5    6    8    9   10   11
      8    1    2    3    4    5    6    7    9   10   11
      9    1    2    3    4    5    6    7    8   10   11
     10    1    2    3    4    5    6    7    8    9   11
     11    1    2    3    4    5    6    7    8    9   10
'----------------------------------------------------------------------------'
'end'






