        1.00000        0.08834        0.00780        0.00069        0.00006        0.00001        0.00000        0.00000        0.00000        0.00000        0.00000
        0.00000        0.85716        0.07573        0.00669        0.00059        0.00005        0.00000        0.00000        0.00000        0.00000        0.00000
        0.00000        0.05124        0.86169        0.07613        0.00673        0.00059        0.00005        0.00000        0.00000        0.00000        0.00000
        0.00000        0.00306        0.05151        0.86171        0.07613        0.00673        0.00059        0.00005        0.00000        0.00000        0.00000
        0.00000        0.00018        0.00308        0.05151        0.86171        0.07613        0.00673        0.00059        0.00005        0.00000        0.00000
        0.00000        0.00001        0.00018        0.00308        0.05151        0.86171        0.07613        0.00673        0.00059        0.00005        0.00000
        0.00000        0.00000        0.00001        0.00018        0.00308        0.05151        0.86171        0.07613        0.00673        0.00059        0.00000
        0.00000        0.00000        0.00000        0.00001        0.00018        0.00308        0.05151        0.86171        0.07613        0.00669        0.00000
        0.00000        0.00000        0.00000        0.00000        0.00001        0.00018        0.00308        0.05151        0.86169        0.07573        0.00000
        0.00000        0.00000        0.00000        0.00000        0.00000        0.00001        0.00018        0.00306        0.05124        0.85716        0.00000
        0.00000        0.00000        0.00000        0.00000        0.00000        0.00000        0.00001        0.00021        0.00357        0.05977        1.00000
