  Number of targets:   10


  Time step:

      1.00000E+00

  Final time:

      2.00000E+01


  Dimension + Mixing ratios concentrations (by rows) (including boundary and sink/source terms):

     11    7.82330E-01    1.56466E-01    5.67633E-02    4.11855E-03    2.98829E-04    2.16820E-05    1.57317E-06    1.14144E-07    8.28205E-09    6.01490E-10    4.62685E-11
     11    7.37922E-01    3.40580E-02    1.70290E-01    5.35412E-02    3.88477E-03    2.81866E-04    2.04513E-05    1.48388E-06    1.07667E-07    7.81937E-09    6.01490E-10
     11    7.37221E-01    7.41340E-03    3.70670E-02    1.60624E-01    5.34903E-02    3.88108E-03    2.81598E-04    2.04318E-05    1.48249E-06    1.07667E-07    8.28205E-09
     11    7.37210E-01    1.61367E-03    8.06837E-03    3.49629E-02    1.60471E-01    5.34895E-02    3.88102E-03    2.81594E-04    2.04318E-05    1.48388E-06    1.14144E-07
     11    7.37210E-01    3.51248E-04    1.75624E-03    7.61038E-03    3.49297E-02    1.60469E-01    5.34895E-02    3.88102E-03    2.81598E-04    2.04513E-05    1.57317E-06
     11    7.37210E-01    7.64563E-05    3.82281E-04    1.65655E-03    7.60315E-03    3.49292E-02    1.60468E-01    5.34895E-02    3.88108E-03    2.81866E-04    2.16820E-05
     11    7.37210E-01    1.66422E-05    8.32112E-05    3.60582E-04    1.65498E-03    7.60304E-03    3.49292E-02    1.60469E-01    5.34903E-02    3.88477E-03    2.98829E-04
     11    7.37221E-01    3.62257E-06    1.81129E-05    7.84890E-05    3.60245E-04    1.65498E-03    7.60315E-03    3.49297E-02    1.60471E-01    5.35412E-02    4.11855E-03
     11    7.37922E-01    7.89275E-07    3.94638E-06    1.71010E-05    7.84890E-05    3.60582E-04    1.65655E-03    7.61038E-03    3.49629E-02    1.60624E-01    5.67633E-02
     11    7.82330E-01    1.82140E-07    9.10702E-07    3.94638E-06    1.81129E-05    8.32112E-05    3.82281E-04    1.75624E-03    8.06837E-03    3.70670E-02    1.70290E-01

  Dimension + Mixing ratios reaction amounts (by rows):

     11    7.82330E-01    1.56466E-01    5.67633E-02    4.11855E-03    2.98829E-04    2.16820E-05    1.57317E-06    1.14144E-07    8.28205E-09    6.01490E-10    4.62685E-11
     11    7.37922E-01    3.40580E-02    1.70290E-01    5.35412E-02    3.88477E-03    2.81866E-04    2.04513E-05    1.48388E-06    1.07667E-07    7.81937E-09    6.01490E-10
     11    7.37221E-01    7.41340E-03    3.70670E-02    1.60624E-01    5.34903E-02    3.88108E-03    2.81598E-04    2.04318E-05    1.48249E-06    1.07667E-07    8.28205E-09
     11    7.37210E-01    1.61367E-03    8.06837E-03    3.49629E-02    1.60471E-01    5.34895E-02    3.88102E-03    2.81594E-04    2.04318E-05    1.48388E-06    1.14144E-07
     11    7.37210E-01    3.51248E-04    1.75624E-03    7.61038E-03    3.49297E-02    1.60469E-01    5.34895E-02    3.88102E-03    2.81598E-04    2.04513E-05    1.57317E-06
     11    7.37210E-01    7.64563E-05    3.82281E-04    1.65655E-03    7.60315E-03    3.49292E-02    1.60468E-01    5.34895E-02    3.88108E-03    2.81866E-04    2.16820E-05
     11    7.37210E-01    1.66422E-05    8.32112E-05    3.60582E-04    1.65498E-03    7.60304E-03    3.49292E-02    1.60469E-01    5.34903E-02    3.88477E-03    2.98829E-04
     11    7.37221E-01    3.62257E-06    1.81129E-05    7.84890E-05    3.60245E-04    1.65498E-03    7.60315E-03    3.49297E-02    1.60471E-01    5.35412E-02    4.11855E-03
     11    7.37922E-01    7.89275E-07    3.94638E-06    1.71010E-05    7.84890E-05    3.60582E-04    1.65655E-03    7.61038E-03    3.49629E-02    1.60624E-01    5.67633E-02
     11    7.82330E-01    1.82140E-07    9.10702E-07    3.94638E-06    1.81129E-05    8.32112E-05    3.82281E-04    1.75624E-03    8.06837E-03    3.70670E-02    1.70290E-01

  Mixing waters indices + nº upstream waters + nº downstream waters:

      2    1    3    4    5    6    7    8    9   10   11    1    9
      3    1    2    4    5    6    7    8    9   10   11    2    8
      4    1    2    3    5    6    7    8    9   10   11    3    7
      5    1    2    3    4    6    7    8    9   10   11    4    6
      6    1    2    3    4    5    7    8    9   10   11    5    5
      7    1    2    3    4    5    6    8    9   10   11    6    4
      8    1    2    3    4    5    6    7    9   10   11    7    3
      9    1    2    3    4    5    6    7    8   10   11    8    2
     10    1    2    3    4    5    6    7    8    9   11    9    1
     11    1    2    3    4    5    6    7    8    9   10   10    0

  Aqueous species:

          h2o(p)         
          ca+2           
          h+             
          hco3-          
          co2(aq)        
  Minerals (name + molar volume):

          calcite            3.69340E-02
  Gases:

          co2(g)         
  Surface complexes:

  Equilibrium reactions:

          calcite                       

          co2(g)                        

          co2(aq)                       

  Kinetic reactions:

  Global stoichiometric matrix:

                 -1.00000        1.00000       -1.00000        0.00000        0.00000        1.00000        0.00000
                  0.00000       -1.00000       -1.00000        0.00000        1.00000        0.00000        1.00000
                  0.00000       -1.00000       -1.00000        1.00000        0.00000        0.00000        0.00000
  Equilibrium constants:

              1.41677E-02
              6.51028E+07
              2.21157E+06

  Global component matrix:

                  1.00000        0.50000       -0.50000        0.00000

  Concentration of external waters (in molalities): (rows -> aqueous species in the same order as before, columns -> targets)

              5.55556E+01
              2.29758E-03
              3.16228E-08
              9.71471E-04
              6.79407E-05

  Activities of external waters:

              1.00000E+00
              2.29758E-03
              3.16228E-08
              9.71471E-04
              6.79407E-05

  Initial concentration of aqueous species in the domain:

              5.55556E+01    5.55556E+01    5.55556E+01    5.55556E+01    5.55556E+01    5.55556E+01    5.55556E+01    5.55556E+01    5.55556E+01    5.55556E+01
              2.29758E-03    2.29758E-03    2.29758E-03    2.29758E-03    2.29758E-03    2.29758E-03    2.29758E-03    2.29758E-03    2.29758E-03    2.29758E-03
              3.16228E-08    3.16228E-08    3.16228E-08    3.16228E-08    3.16228E-08    3.16228E-08    3.16228E-08    3.16228E-08    3.16228E-08    3.16228E-08
              9.71471E-04    9.71471E-04    9.71471E-04    9.71471E-04    9.71471E-04    9.71471E-04    9.71471E-04    9.71471E-04    9.71471E-04    9.71471E-04
              6.79407E-05    6.79407E-05    6.79407E-05    6.79407E-05    6.79407E-05    6.79407E-05    6.79407E-05    6.79407E-05    6.79407E-05    6.79407E-05

  Initial activities aqueous species domain:

              1.00000E+00    1.00000E+00    1.00000E+00    1.00000E+00    1.00000E+00    1.00000E+00    1.00000E+00    1.00000E+00    1.00000E+00    1.00000E+00
              2.29758E-03    2.29758E-03    2.29758E-03    2.29758E-03    2.29758E-03    2.29758E-03    2.29758E-03    2.29758E-03    2.29758E-03    2.29758E-03
              3.16228E-08    3.16228E-08    3.16228E-08    3.16228E-08    3.16228E-08    3.16228E-08    3.16228E-08    3.16228E-08    3.16228E-08    3.16228E-08
              9.71471E-04    9.71471E-04    9.71471E-04    9.71471E-04    9.71471E-04    9.71471E-04    9.71471E-04    9.71471E-04    9.71471E-04    9.71471E-04
              6.79407E-05    6.79407E-05    6.79407E-05    6.79407E-05    6.79407E-05    6.79407E-05    6.79407E-05    6.79407E-05    6.79407E-05    6.79407E-05

  Final concentration of aqueous species in the domain:

              5.55556E+01    5.55556E+01    5.55556E+01    5.55556E+01    5.55556E+01    5.55556E+01    5.55556E+01    5.55556E+01    5.55556E+01    5.55556E+01
              2.29758E-03    2.29759E-03    2.29765E-03    2.29785E-03    2.29867E-03    2.30172E-03    2.31228E-03    2.34621E-03    2.47385E-03    2.47385E-03
              3.16230E-08    3.16238E-08    3.16277E-08    3.16439E-08    3.17086E-08    3.19496E-08    3.27881E-08    3.55247E-08    4.64052E-08    4.64052E-08
              9.71477E-04    9.71497E-04    9.71594E-04    9.72003E-04    9.73643E-04    9.79745E-04    1.00086E-03    1.06872E-03    1.32402E-03    1.32402E-03
              6.79416E-05    6.79448E-05    6.79599E-05    6.80232E-05    6.82774E-05    6.92275E-05    7.25757E-05    8.39640E-05    1.35881E-04    1.35881E-04

  Final activities aqueous species domain:

              9.99940E-01    9.99940E-01    9.99940E-01    9.99940E-01    9.99940E-01    9.99940E-01    9.99939E-01    9.99937E-01    9.99929E-01    9.99929E-01
              2.29758E-03    2.29759E-03    2.29765E-03    2.29785E-03    2.29867E-03    2.30172E-03    2.31228E-03    2.34621E-03    2.47385E-03    2.47385E-03
              3.16230E-08    3.16238E-08    3.16277E-08    3.16439E-08    3.17086E-08    3.19496E-08    3.27881E-08    3.55247E-08    4.64052E-08    4.64052E-08
              9.71477E-04    9.71497E-04    9.71594E-04    9.72003E-04    9.73643E-04    9.79745E-04    1.00086E-03    1.06872E-03    1.32402E-03    1.32402E-03
              6.79416E-05    6.79448E-05    6.79599E-05    6.80232E-05    6.82774E-05    6.92275E-05    7.25757E-05    8.39640E-05    1.35881E-04    1.35881E-04

  Initial salinity domain:

              1.51336E-04    1.51336E-04    1.51336E-04    1.51336E-04    1.51336E-04    1.51336E-04    1.51336E-04    1.51336E-04    1.51336E-04    1.51336E-04

  Final salinity domain:

              1.51336E-04    1.51338E-04    1.51346E-04    1.51379E-04    1.51512E-04    1.52007E-04    1.53718E-04    1.59216E-04    1.79902E-04    1.79902E-04

  Initial pH domain:

              7.50000E+00    7.50000E+00    7.50000E+00    7.50000E+00    7.50000E+00    7.50000E+00    7.50000E+00    7.50000E+00    7.50000E+00    7.50000E+00

  Final pH domain:

              7.50000E+00    7.50000E+00    7.50000E+00    7.50000E+00    7.50000E+00    7.50000E+00    7.50000E+00    7.50000E+00    7.50000E+00    7.50000E+00

  Aqueous equilibrium reaction rates:

              3.81897E-12   -1.22599E-11    3.55186E-11   -7.01625E-11   -7.58105E-10   -7.87918E-09   -6.35527E-08   -3.96608E-07    1.12252E-05    2.59040E-06

  Aqueous kinetic reaction rates:


  Mineral zone    1:

          Minerals in equilibrium:

                    calcite        

          Kinetic minerals:


          Mineral kinetic reaction rates:


  Reactive zone    2:

          Non-flowing species:

                    calcite        
          Number of equilibrium reactions:         2

          Se:

                 -1.00000        1.00000       -1.00000        0.00000        0.00000        1.00000
                  0.00000       -1.00000       -1.00000        1.00000        0.00000        0.00000
          Sk:

          U*Sk^T:




          Equilibrium constants:

              1.41677E-02
              2.21157E+06

          Primary species:


          Component matrix:

                  1.00000        0.00000       -1.00000       -1.00000
                  0.00000        1.00000        1.00000        2.00000

          Initial concentration of components:

              1.25817E-03    1.25817E-03    1.25817E-03    1.25817E-03    1.25817E-03    1.25817E-03    1.25817E-03    1.25817E-03
              1.10738E-03    1.10738E-03    1.10738E-03    1.10738E-03    1.10738E-03    1.10738E-03    1.10738E-03    1.10738E-03

          Final concentration of components:

              1.25817E-03    1.25815E-03    1.25809E-03    1.25782E-03    1.25675E-03    1.25275E-03    1.23885E-03    1.19353E-03
              1.10739E-03    1.10742E-03    1.10755E-03    1.10808E-03    1.11023E-03    1.11823E-03    1.14605E-03    1.23668E-03

          Final concentration of aqueous species:

              5.55556E+01    5.55556E+01    5.55556E+01    5.55556E+01    5.55556E+01    5.55556E+01    5.55556E+01    5.55556E+01
              2.29758E-03    2.29759E-03    2.29765E-03    2.29785E-03    2.29867E-03    2.30172E-03    2.31228E-03    2.34621E-03
              3.16230E-08    3.16238E-08    3.16277E-08    3.16439E-08    3.17086E-08    3.19496E-08    3.27881E-08    3.55247E-08
              9.71477E-04    9.71497E-04    9.71594E-04    9.72003E-04    9.73643E-04    9.79745E-04    1.00086E-03    1.06872E-03
              6.79416E-05    6.79448E-05    6.79599E-05    6.80232E-05    6.82774E-05    6.92275E-05    7.25757E-05    8.39640E-05

          Final activities aqueous species:

              9.99940E-01    9.99940E-01    9.99940E-01    9.99940E-01    9.99940E-01    9.99940E-01    9.99939E-01    9.99937E-01
              2.29758E-03    2.29759E-03    2.29765E-03    2.29785E-03    2.29867E-03    2.30172E-03    2.31228E-03    2.34621E-03
              3.16230E-08    3.16238E-08    3.16277E-08    3.16439E-08    3.17086E-08    3.19496E-08    3.27881E-08    3.55247E-08
              9.71477E-04    9.71497E-04    9.71594E-04    9.72003E-04    9.73643E-04    9.79745E-04    1.00086E-03    1.06872E-03
              6.79416E-05    6.79448E-05    6.79599E-05    6.80232E-05    6.82774E-05    6.92275E-05    7.25757E-05    8.39640E-05

          Initial volumetric fractions of minerals:

              5.00000E-01    5.00000E-01    5.00000E-01    5.00000E-01    5.00000E-01    5.00000E-01    5.00000E-01    5.00000E-01

          Volumetric fractions of minerals:

              5.00000E-01    5.00000E-01    5.00000E-01    5.00000E-01    5.00000E-01    5.00000E-01    5.00000E-01    5.00000E-01

          Initial concentration of minerals:

              1.00000E+00    1.00000E+00    1.00000E+00    1.00000E+00    1.00000E+00    1.00000E+00    1.00000E+00    1.00000E+00

          Concentration of minerals:

              1.00000E+00    1.00000E+00    1.00000E+00    1.00000E+00    1.00000E+00    1.00000E+00    9.99998E-01    9.99984E-01

          Initial concentration of surface complexes:


          Concentration of surface complexes:


          Initial activity of surface complexes:


          Activity of surface complexes:


          Initial concentration of gases:


          Concentration of gases:


          Initial partial pressures of gases:


          Partial pressures of gases:


          Initial volume of gas:


          Volume of gas:


          Aqueous equilibrium reaction rates:

              3.81897E-12   -1.22599E-11    3.55186E-11   -7.01625E-11   -7.58105E-10   -7.87918E-09   -6.35527E-08   -3.96608E-07

          Mineral equilibrium reaction rates:

              3.81991E-12   -1.22616E-11    3.55397E-11   -7.00342E-11   -7.58096E-10   -7.87926E-09   -6.35532E-08   -3.96610E-07

          Exchange equilibrium reaction rates:


          Gas equilibrium reaction rates:


  Reactive zone    3:

          Non-flowing species:

                    calcite        
                    co2(g)         
          Number of equilibrium reactions:         3

          Se:

                 -1.00000        1.00000       -1.00000        0.00000        0.00000        1.00000        0.00000
                  0.00000       -1.00000       -1.00000        0.00000        1.00000        0.00000        1.00000
                  0.00000       -1.00000       -1.00000        1.00000        0.00000        0.00000        0.00000
          Sk:

          U*Sk^T:



          Equilibrium constants:

              1.41677E-02
              6.51028E+07
              2.21157E+06

          Primary species:


          Component matrix:

                  1.00000        0.50000       -0.50000        0.00000

          Initial concentration of components:

              1.81186E-03    1.81186E-03

          Final concentration of components:

              1.81187E-03    1.81187E-03

          Final concentration of aqueous species:

              5.55556E+01    5.55556E+01
              2.47385E-03    2.47385E-03
              4.64052E-08    4.64052E-08
              1.32402E-03    1.32402E-03
              1.35881E-04    1.35881E-04

          Final activities aqueous species:

              9.99929E-01    9.99929E-01
              2.47385E-03    2.47385E-03
              4.64052E-08    4.64052E-08
              1.32402E-03    1.32402E-03
              1.35881E-04    1.35881E-04

          Initial volumetric fractions of minerals:

              5.00000E-01    5.00000E-01

          Volumetric fractions of minerals:

              4.99972E-01    4.99989E-01

          Initial concentration of minerals:

              1.00000E+00    1.00000E+00

          Concentration of minerals:

              9.98505E-01    9.99384E-01

          Initial concentration of surface complexes:


          Concentration of surface complexes:


          Initial activity of surface complexes:


          Activity of surface complexes:


          Initial concentration of gases:

              1.63496E+05    1.63496E+05

          Concentration of gases:

              1.63496E+05    1.63496E+05

          Initial partial pressures of gases:

              4.00000E-03    4.00000E-03

          Partial pressures of gases:

              4.00000E-03    4.00000E-03

          Initial volume of gas:

              1.00000E+09    1.00000E+09

          Volume of gas:

              1.00000E+09    1.00000E+09

          Aqueous equilibrium reaction rates:

              1.12252E-05    2.59040E-06

          Mineral equilibrium reaction rates:

             -2.78970E-05   -6.43754E-06

          Exchange equilibrium reaction rates:


          Gas equilibrium reaction rates:

             -3.91246E-05   -9.02849E-06
