  Number of targets:   11


  Time step:

      1.00000E-02

  Final time:

      1.00000E-02


  Dimension + Mixing ratios (by rows) (including boundary and sink/source terms):

     11    1.00000E+00    0.00000E+00    0.00000E+00    0.00000E+00    0.00000E+00    0.00000E+00    0.00000E+00    0.00000E+00    0.00000E+00    0.00000E+00    0.00000E+00
     11    3.79394E-01    4.55273E-01    1.15152E-01    3.49503E-02    1.06079E-02    3.21952E-03    9.76866E-04    2.95819E-04    8.83043E-05    2.35478E-05    1.88382E-05
     11    4.31820E-01    2.07273E-01    1.72728E-01    1.31064E-01    3.97796E-02    1.20732E-02    3.66325E-03    1.10932E-03    3.31141E-04    8.83043E-05    7.06434E-05
     11    4.39063E-01    9.43659E-02    7.86382E-02    1.96596E-01    1.33262E-01    4.04452E-02    1.22719E-02    3.71623E-03    1.10932E-03    2.95819E-04    2.36655E-04
     11    4.40062E-01    4.29620E-02    3.58016E-02    8.95041E-02    1.99893E-01    1.33560E-01    4.05247E-02    1.22719E-02    3.66325E-03    9.76866E-04    7.81493E-04
     11    4.40181E-01    1.95586E-02    1.62988E-02    4.07470E-02    9.10017E-02    2.00340E-01    1.33560E-01    4.04452E-02    1.20732E-02    3.21952E-03    2.57561E-03
     11    4.40062E-01    8.90169E-03    7.41808E-03    1.85452E-02    4.14176E-02    9.11805E-02    2.00340E-01    1.33262E-01    3.97796E-02    1.06079E-02    8.48632E-03
     11    4.39063E-01    4.04348E-03    3.36957E-03    8.42392E-03    1.88134E-02    4.14176E-02    9.10017E-02    1.99893E-01    1.31064E-01    3.49503E-02    2.79603E-02
     11    4.31820E-01    1.81051E-03    1.50876E-03    3.77190E-03    8.42392E-03    1.85452E-02    4.07470E-02    8.95041E-02    1.96596E-01    1.15152E-01    9.21215E-02
     11    3.79394E-01    7.24205E-04    6.03504E-04    1.50876E-03    3.36957E-03    7.41808E-03    1.62988E-02    3.58016E-02    7.86382E-02    1.72728E-01    3.03515E-01
     11    1.00000E+00    0.00000E+00    0.00000E+00    0.00000E+00    0.00000E+00    0.00000E+00    0.00000E+00    0.00000E+00    0.00000E+00    0.00000E+00    0.00000E+00

  Mixing waters indices:

      1    2    3    4    5    6    7    8    9   10   11
      2    1    3    4    5    6    7    8    9   10   11
      3    1    2    4    5    6    7    8    9   10   11
      4    1    2    3    5    6    7    8    9   10   11
      5    1    2    3    4    6    7    8    9   10   11
      6    1    2    3    4    5    7    8    9   10   11
      7    1    2    3    4    5    6    8    9   10   11
      8    1    2    3    4    5    6    7    9   10   11
      9    1    2    3    4    5    6    7    8   10   11
     10    1    2    3    4    5    6    7    8    9   11
     11    1    2    3    4    5    6    7    8    9   10

  Aqueous species:

          cl-            
          na+            
          k+             
          h2o            
  Minerals (name + molar volume):

  Gases:

  Surface complexes:

          x-             
          x-na           
          x-k            
  Equilibrium reactions:

          x-na                          

          x-k                           

  Kinetic reactions:

  Global stoichiometric matrix:

                  0.00000       -1.00000        0.00000       -1.00000        1.00000        0.00000        0.00000
                  0.00000        0.00000       -1.00000       -1.00000        0.00000        1.00000        0.00000
  Equilibrium constants:

              1.00000E+20
              5.01187E+20

  Global component matrix:

                  1.00000        0.00000        0.00000        0.00000        0.00000        0.00000
                  0.00000        1.00000        0.00000        0.00000        1.00000        0.00000
                  0.00000        0.00000        1.00000        0.00000        0.00000        1.00000
                  0.00000        0.00000        0.00000        1.00000        1.00000        1.00000

  Concentration of external waters: (rows -> aqueous species, columns -> targets)






  Initial concentration of aqueous species in the domain:

              1.00000E-03    1.00000E-03    1.00000E-03    1.00000E-03    1.00000E-03    1.00000E-03    1.00000E-03    1.00000E-03    1.00000E-03    1.00000E-03    1.00000E-03
              1.00000E-03    1.00000E-03    1.00000E-03    1.00000E-03    1.00000E-03    1.00000E-03    1.00000E-03    1.00000E-03    1.00000E-03    1.00000E-03    1.00000E-03
              1.00000E-07    1.00000E-07    1.00000E-07    1.00000E-07    1.00000E-07    1.00000E-07    1.00000E-07    1.00000E-07    1.00000E-07    1.00000E-07    1.00000E-07
              5.55556E+01    5.55556E+01    5.55556E+01    5.55556E+01    5.55556E+01    5.55556E+01    5.55556E+01    5.55556E+01    5.55556E+01    5.55556E+01    5.55556E+01

  Initial activity coefficients aqueous species domain:

              9.65036E-01    9.65036E-01    9.65036E-01    9.65036E-01    9.65036E-01    9.65036E-01    9.65036E-01    9.65036E-01    9.65036E-01    9.65036E-01    9.65036E-01
              9.65036E-01    9.65036E-01    9.65036E-01    9.65036E-01    9.65036E-01    9.65036E-01    9.65036E-01    9.65036E-01    9.65036E-01    9.65036E-01    9.65036E-01
              9.65036E-01    9.65036E-01    9.65036E-01    9.65036E-01    9.65036E-01    9.65036E-01    9.65036E-01    9.65036E-01    9.65036E-01    9.65036E-01    9.65036E-01
              1.79994E-02    1.79994E-02    1.79994E-02    1.79994E-02    1.79994E-02    1.79994E-02    1.79994E-02    1.79994E-02    1.79994E-02    1.79994E-02    1.79994E-02

  Initial activity water domain:

              9.99964E-01    9.99964E-01    9.99964E-01    9.99964E-01    9.99964E-01    9.99964E-01    9.99964E-01    9.99964E-01    9.99964E-01    9.99964E-01    9.99964E-01

  Initial salinity domain:

              5.84409E-05    5.84409E-05    5.84409E-05    5.84409E-05    5.84409E-05    5.84409E-05    5.84409E-05    5.84409E-05    5.84409E-05    5.84409E-05    5.84409E-05

  Activity water domain:

              9.99964E-01    9.99964E-01    9.99964E-01    9.99964E-01    9.99964E-01    9.99964E-01    9.99964E-01    9.99964E-01    9.99964E-01    9.99964E-01    9.99964E-01

  Final salinity domain:

              5.84409E-05    5.84409E-05    5.84409E-05    5.84409E-05    5.84409E-05    5.84409E-05    5.84409E-05    5.84409E-05    5.84409E-05    5.84409E-05    5.84409E-05

  Aqueous equilibrium reaction rates:


  Kinetic reaction rates:


  Reactive zone    1:

          Non-flowing species:

                    x-             

                    x-na           

                    x-k            

          Number of equilibrium reactions:         2

          Se:

                  0.00000       -1.00000        0.00000       -1.00000        1.00000        0.00000        0.00000
                  0.00000        0.00000       -1.00000       -1.00000        0.00000        1.00000        0.00000
          Sk:

          U*Sk^T:





          Equilibrium constants:

              1.00000E+20
              5.01187E+20

          Aqueous species:

                    cl-            
                    na+            
                    k+             
                    h2o            

          Primary species:

                    cl-            
                    na+            
                    k+             
          Component matrix:

                  1.00000        0.00000        0.00000        0.00000        0.00000        0.00000
                  0.00000        1.00000        0.00000        0.00000        1.00000        0.00000
                  0.00000        0.00000        1.00000        0.00000        0.00000        1.00000
                  0.00000        0.00000        0.00000        1.00000        1.00000        1.00000

          Initial concentration of components:

                      NaN    1.00000E-03    1.00000E-03    1.00000E-03    1.00000E-03    1.00000E-03    1.00000E-03    1.00000E-03    1.00000E-03    1.00000E-03    1.00000E-03
                 Infinity    5.86777E-01    5.86777E-01    5.86777E-01    5.86777E-01    5.86777E-01    5.86777E-01    5.86777E-01    5.86777E-01    5.86777E-01    5.86777E-01
                      NaN    2.93684E-04    2.93684E-04    2.93684E-04    2.93684E-04    2.93684E-04    2.93684E-04    2.93684E-04    2.93684E-04    2.93684E-04    2.93684E-04
                 Infinity    5.86071E-01    5.86071E-01    5.86071E-01    5.86071E-01    5.86071E-01    5.86071E-01    5.86071E-01    5.86071E-01    5.86071E-01    5.86071E-01

          Final concentration of components:

                      NaN    1.00000E-03    1.00000E-03    1.00000E-03    1.00000E-03    1.00000E-03    1.00000E-03    1.00000E-03    1.00000E-03    1.00000E-03    1.00000E-03
                 Infinity    5.86777E-01    5.86777E-01    5.86777E-01    5.86777E-01    5.86777E-01    5.86777E-01    5.86777E-01    5.86777E-01    5.86777E-01    5.86777E-01
                      NaN    2.93684E-04    2.93684E-04    2.93684E-04    2.93684E-04    2.93684E-04    2.93684E-04    2.93684E-04    2.93684E-04    2.93684E-04    2.93684E-04
                 Infinity    5.86071E-01    5.86071E-01    5.86071E-01    5.86071E-01    5.86071E-01    5.86071E-01    5.86071E-01    5.86071E-01    5.86071E-01    5.86071E-01

          Final concentration of aqueous species:

              1.00000E-03    1.00000E-03    1.00000E-03    1.00000E-03    1.00000E-03    1.00000E-03    1.00000E-03    1.00000E-03    1.00000E-03    1.00000E-03    1.00000E-03
              1.00000E-03    1.00000E-03    1.00000E-03    1.00000E-03    1.00000E-03    1.00000E-03    1.00000E-03    1.00000E-03    1.00000E-03    1.00000E-03    1.00000E-03
              1.00000E-07    1.00000E-07    1.00000E-07    1.00000E-07    1.00000E-07    1.00000E-07    1.00000E-07    1.00000E-07    1.00000E-07    1.00000E-07    1.00000E-07
              5.55556E+01    5.55556E+01    5.55556E+01    5.55556E+01    5.55556E+01    5.55556E+01    5.55556E+01    5.55556E+01    5.55556E+01    5.55556E+01    5.55556E+01

          Final activity coefficients aqueous species:

              9.65036E-01    9.65036E-01    9.65036E-01    9.65036E-01    9.65036E-01    9.65036E-01    9.65036E-01    9.65036E-01    9.65036E-01    9.65036E-01    9.65036E-01
              9.65036E-01    9.65036E-01    9.65036E-01    9.65036E-01    9.65036E-01    9.65036E-01    9.65036E-01    9.65036E-01    9.65036E-01    9.65036E-01    9.65036E-01
              9.65036E-01    9.65036E-01    9.65036E-01    9.65036E-01    9.65036E-01    9.65036E-01    9.65036E-01    9.65036E-01    9.65036E-01    9.65036E-01    9.65036E-01
              1.79994E-02    1.79994E-02    1.79994E-02    1.79994E-02    1.79994E-02    1.79994E-02    1.79994E-02    1.79994E-02    1.79994E-02    1.79994E-02    1.79994E-02

          Initial volumetric fractions of minerals:


          Volumetric fractions of minerals:


          Initial concentration of minerals:


          Concentration of minerals:


          Concentration of surface complexes:

              1.00000E-16    1.00000E-16    1.00000E-16    1.00000E-16    1.00000E-16    1.00000E-16    1.00000E-16    1.00000E-16    1.00000E-16    1.00000E-16    1.00000E-16
                 Infinity    5.85777E-01    5.85777E-01    5.85777E-01    5.85777E-01    5.85777E-01    5.85777E-01    5.85777E-01    5.85777E-01    5.85777E-01    5.85777E-01
              1.00000E+00    2.93584E-04    2.93584E-04    2.93584E-04    2.93584E-04    2.93584E-04    2.93584E-04    2.93584E-04    2.93584E-04    2.93584E-04    2.93584E-04

          Initial concentration of gases:


          Concentration of gases:


          Initial partial pressures of gases:


          Partial pressures of gases:


          Initial volume of gas:


          Volume of gas:


          Aqueous equilibrium reaction rates:


          Mineral equilibrium reaction rates:


          Exchange equilibrium reaction rates:

              0.00000E+00    0.00000E+00    0.00000E+00    0.00000E+00    0.00000E+00    0.00000E+00    0.00000E+00    0.00000E+00    0.00000E+00    0.00000E+00    1.00000E+20
              0.00000E+00    0.00000E+00    0.00000E+00    0.00000E+00    0.00000E+00    0.00000E+00    0.00000E+00    0.00000E+00    0.00000E+00    0.00000E+00    5.01187E+20

          Gas equilibrium reaction rates:

