  t =     2.50000E+01

         1    2.62393E-07    1.85900E-03    3.80462E-03    7.60546E-05    2.83729E-06    1.90191E-04    2.50076E-03    6.40085E-03    2.37268E-03    6.15640E-21    2.97778E-02    1.14447E-03
         3    2.62370E-07    1.85687E-03    3.80037E-03    7.60044E-05    2.81219E-06    1.90015E-04    2.49994E-03    6.39992E-03    2.37171E-03    6.15771E-21    2.97783E-02    1.14341E-03
         5    2.62368E-07    1.85670E-03    3.80003E-03    7.60004E-05    2.81019E-06    1.90001E-04    2.49988E-03    6.39984E-03    2.37163E-03    6.15781E-21    2.97783E-02    1.14332E-03
         7    2.62368E-07    1.85669E-03    3.80000E-03    7.60000E-05    2.81002E-06    1.90000E-04    2.49987E-03    6.39984E-03    2.37163E-03    6.15782E-21    2.97783E-02    1.14331E-03
         9    2.62368E-07    1.85669E-03    3.80000E-03    7.60000E-05    2.81000E-06    1.90000E-04    2.49987E-03    6.39984E-03    2.37163E-03    6.15782E-21    2.97783E-02    1.14331E-03
        11    2.62368E-07    1.85669E-03    3.80000E-03    7.60000E-05    2.81000E-06    1.90000E-04    2.49987E-03    6.39984E-03    2.37163E-03    6.15782E-21    2.97783E-02    1.14331E-03
  t =     1.25000E+02

         1    1.81649E-07    2.56842E-03    3.80883E-03    7.61044E-05    2.86221E-06    1.90365E-04    2.50164E-03    6.40186E-03    2.02000E-03    6.64071E-21    2.94972E-02    1.70561E-03
         3    2.27370E-07    1.98866E-03    3.80302E-03    7.60358E-05    2.82788E-06    1.90125E-04    2.50048E-03    6.40054E-03    2.30710E-03    6.23824E-21    2.97297E-02    1.24057E-03
         5    2.40192E-07    1.87759E-03    3.80076E-03    7.60089E-05    2.81447E-06    1.90031E-04    2.50003E-03    6.40003E-03    2.36154E-03    6.17016E-21    2.97707E-02    1.15850E-03
         7    2.43284E-07    1.85978E-03    3.80016E-03    7.60019E-05    2.81094E-06    1.90007E-04    2.49991E-03    6.39989E-03    2.37017E-03    6.15960E-21    2.97772E-02    1.14555E-03
         9    2.43907E-07    1.85713E-03    3.80003E-03    7.60004E-05    2.81018E-06    1.90001E-04    2.49988E-03    6.39986E-03    2.37143E-03    6.15806E-21    2.97782E-02    1.14363E-03
        11    2.44019E-07    1.85675E-03    3.80001E-03    7.60001E-05    2.81003E-06    1.90000E-04    2.49988E-03    6.39986E-03    2.37161E-03    6.15785E-21    2.97783E-02    1.14336E-03
